CORO7-PAM16	ENSG00000103426	16	3177	380	1520	2207	3815
CORT	ENSG00000241563	1	468	59	224	812	1130
COTL1	ENSG00000103187	16	8834	142	546	1538	8844
COTL1P1	ENSG00000229749	17	375	30	120	662	1035
COTL1P2	ENSG00000235323	17	352	30	120	662	1012
COX10	ENSG00000006695	17	1349	162	581	3107	3172
COX10-AS1	ENSG00000236088	17	6460	166	642	662	7120
COX11	ENSG00000166260	17	4594	184	663	2322	6488
COX11P1	ENSG00000231162	6	835	35	140	662	1495
COX14	ENSG00000178449	12	1093	115	418	899	1887
COX15	ENSG00000014919	10	1484	140	555	2693	4177
COX16	ENSG00000133983	14	773	108	412	1648	1863
COX17	ENSG00000138495	3	853	166	615	1540	2172
COX17P1	ENSG00000205105	13	401	40	160	662	1061
COX18	ENSG00000163626	4	1224	137	516	2748	3258
COX19	ENSG00000240230	7	1178	185	740	4404	5542
COX20	ENSG00000203667	1	4530	107	407	2274	4864
COX20P1	ENSG00000213025	10	357	30	120	662	1017
COX20P2	ENSG00000235013	2	358	30	120	662	1018
COX4I1	ENSG00000131143	16	4336	287	957	2346	4792
COX4I1P1	ENSG00000258956	14	509	30	120	662	1169
COX4I1P2	ENSG00000228869	13	547	30	120	662	1207
COX4I2	ENSG00000131055	20	546	70	280	177	693
COX5A	ENSG00000178741	15	576	147	519	1101	1411
COX5AP2	ENSG00000258981	14	394	30	120	662	1054
COX5B	ENSG00000135940	2	1202	105	392	322	1441
COX5BP1	ENSG00000248448	4	393	30	120	662	1053
COX5BP2	ENSG00000213111	6	1125	40	160	662	1785
COX5BP3	ENSG00000235967	7	367	30	120	662	1027
COX5BP6	ENSG00000237082	13	211	40	160	662	871
COX5BP7	ENSG00000226024	22	274	30	120	662	934
COX5BP8	ENSG00000223794	1	349	30	120	662	1009
COX6A1	ENSG00000111775	12	1339	65	245	242	1344
COX6A1P2	ENSG00000226976	6	330	30	120	241	571
COX6A1P3	ENSG00000216710	6	293	30	120	662	953
COX6A2	ENSG00000156885	16	716	55	220	146	759
COX6B1	ENSG00000126267	19	261	113	395	723	936
COX6B1P1	ENSG00000234565	7	213	30	120	662	873
COX6B1P2	ENSG00000241788	17	230	30	120	662	890
COX6B1P3	ENSG00000172912	22	260	40	160	662	920
COX6B1P6	ENSG00000253349	8	255	30	120	662	915
COX6B1P7	ENSG00000225242	1	235	30	120	662	895
COX6B2	ENSG00000160471	19	1950	205	736	2605	3812
COX6C	ENSG00000164919	8	228	158	527	2039	2267
COX6CP1	ENSG00000260318	16	215	30	120	662	875
COX6CP2	ENSG00000231715	20	225	30	120	662	885
COX6CP3	ENSG00000266251	18	223	30	120	662	883
COX6CP5	ENSG00000254642	11	228	30	120	662	888
COX7A1	ENSG00000161281	19	586	90	339	522	1006
COX7A2	ENSG00000112695	6	1284	174	605	953	1922
COX7A2L	ENSG00000115944	2	2170	150	567	3605	4790
COX7A2P1	ENSG00000258626	14	315	30	120	662	975
COX7A2P2	ENSG00000236764	4	250	30	120	662	910
COX7B	ENSG00000131174	X	926	75	294	2228	3024
COX7B2	ENSG00000170516	4	246	107	392	588	831
COX7BP1	ENSG00000243453	22	244	30	120	662	904
COX7BP2	ENSG00000234274	20	242	30	120	662	902
COX7C	ENSG00000127184	5	1164	125	430	1645	1993
COX7CP1	ENSG00000235957	13	192	30	120	662	852
COX8A	ENSG00000176340	11	210	40	160	297	507
COX8C	ENSG00000187581	14	219	40	160	314	533
CP	ENSG00000047457	3	6586	398	1506	2013	7296
CPA1	ENSG00000091704	7	2699	208	788	544	2921
CPA2	ENSG00000158516	7	1703	174	663	359	1829
CPA3	ENSG00000163751	3	1307	140	560	541	1848
CPA4	ENSG00000128510	7	2190	233	883	2131	3958
CPA5	ENSG00000158525	7	2000	247	876	1427	3058
CPA6	ENSG00000165078	8	1424	180	697	2037	2435
CPAMD8	ENSG00000160111	19	9856	668	2546	2080	10201
CPB1	ENSG00000153002	3	5016	238	916	872	5703
CPB2	ENSG00000080618	13	1272	156	604	521	1767
CPB2-AS1	ENSG00000235903	13	644	50	200	662	1304
CPD	ENSG00000108582	17	6931	383	1467	6216	12532
CPE	ENSG00000109472	4	1514	190	752	1473	2958
CPEB1	ENSG00000214575	15	5013	442	1695	6040	8215
CPEB2	ENSG00000137449	4	3273	197	741	3991	7177
CPEB3	ENSG00000107864	10	2124	145	571	3821	5945
CPEB4	ENSG00000113742	5	3089	233	904	7581	10272
CPED1	ENSG00000106034	7	5193	403	1599	3417	7705
CPHL1P	ENSG00000240216	3	3482	240	941	662	4067
CPLX1	ENSG00000168993	4	600	111	425	1943	2418
CPLX2	ENSG00000145920	5	976	225	846	6360	7099
CPLX3	ENSG00000213578	15	477	50	200	1603	2080
CPLX4	ENSG00000166569	18	522	75	300	3023	3545
CPM	ENSG00000135678	12	2116	281	1031	6060	7535
CPN1	ENSG00000120054	10	1377	130	509	543	1887
CPN2	ENSG00000178772	3	1638	48	173	1390	3028
CPNE1	ENSG00000214078	20	3261	465	1591	1567	3608
CPNE2	ENSG00000140848	16	6222	301	1170	1772	7380
CPNE3	ENSG00000085719	8	6071	355	1296	3817	6792
CPNE4	ENSG00000196353	3	4204	378	1441	4239	6342
CPNE5	ENSG00000124772	6	3414	269	1064	2261	4067
CPNE6	ENSG00000100884	14	5871	427	1498	2062	5996
CPNE7	ENSG00000178773	16	2531	314	1164	1042	3048
CPNE8	ENSG00000139117	12	3147	359	1412	3006	5178
CPNE9	ENSG00000144550	3	2022	275	1075	474	2332
CPO	ENSG00000144410	2	1125	110	440	84	1209
CPOX	ENSG00000080819	3	1836	181	721	1995	3666
CPPED1	ENSG00000103381	16	1224	95	367	2120	3221
CPQ	ENSG00000104324	8	2390	236	892	1101	3457
CPS1	ENSG00000021826	2	9638	528	2064	2135	10444
CPSF1	ENSG00000071894	8	5885	513	1975	294	6096
CPSF1P1	ENSG00000214076	22	3730	30	120	662	4390
CPSF2	ENSG00000165934	14	2686	230	898	3307	5861
CPSF3	ENSG00000119203	2	2423	251	972	1538	3769
CPSF3L	ENSG00000127054	1	8216	666	2133	3094	8220
CPSF4	ENSG00000160917	7	2944	282	1012	2083	4250
CPSF4L	ENSG00000187959	17	694	133	519	923	1528
CPSF6	ENSG00000111605	12	2187	236	885	5101	7190
CPSF7	ENSG00000149532	11	4219	448	1505	3148	6019
CPT1A	ENSG00000110090	11	2657	345	1338	4012	6567
CPT1B	ENSG00000205560	22	3320	406	1563	2204	4488
CPT1C	ENSG00000169169	19	5601	473	1731	2930	5864
CPT2	ENSG00000157184	1	2369	80	320	1117	3401
CPVL	ENSG00000106066	7	1724	325	1246	2010	3340
CPXCR1	ENSG00000147183	X	906	65	223	724	1630
CPXM1	ENSG00000088882	20	2205	160	640	186	2391
CPXM2	ENSG00000121898	10	3406	257	1022	1283	4689
CPZ	ENSG00000109625	4	3308	259	968	4602	5562
CR1	ENSG00000203710	1	10926	560	2186	1349	12164
CR1L	ENSG00000197721	1	2582	235	925	498	2768
CR2	ENSG00000117322	1	3924	276	1098	961	4885
CRABP1	ENSG00000166426	15	879	95	369	500	993
CRABP2	ENSG00000143320	1	417	91	361	683	1100
CRADD	ENSG00000169372	12	2697	212	813	2144	3842
CRAMP1L	ENSG00000007545	16	4465	328	1261	3962	8427
CRAT	ENSG00000095321	9	2451	294	1143	3263	3803
CRB1	ENSG00000134376	1	5901	376	1472	9367	13063
CRB2	ENSG00000148204	9	4058	201	801	2291	6349
CRB3	ENSG00000130545	19	435	104	404	1229	1592
CRBN	ENSG00000113851	3	6965	237	829	1069	7163
CRCP	ENSG00000241258	7	1369	186	649	3010	3548
CRCT1	ENSG00000169509	1	300	40	160	400	700
CREB1	ENSG00000118260	2	2428	361	1332	8513	9888
CREB3	ENSG00000107175	9	1496	120	480	716	1903
CREB3L1	ENSG00000157613	11	3210	234	911	1527	4038
CREB3L2	ENSG00000182158	7	2512	230	856	6705	8788
CREB3L3	ENSG00000060566	19	1446	189	701	1524	2678
CREB3L4	ENSG00000143578	1	2546	268	905	1154	2911
CREB5	ENSG00000146592	7	4083	388	1497	8052	11674
CREBBP	ENSG00000005339	16	11384	454	1736	3684	15068
CREBL2	ENSG00000111269	12	812	80	300	3391	3922
CREBRF	ENSG00000164463	5	5855	193	725	7049	12337
CREBZF	ENSG00000137504	11	2498	177	658	4357	5587
CREG1	ENSG00000143162	1	1377	84	324	1311	2688
CREG2	ENSG00000175874	2	1649	90	349	2314	3954
CRELD1	ENSG00000163703	3	2327	280	1028	2078	3778
CRELD2	ENSG00000184164	22	4791	221	842	632	5165
CREM	ENSG00000095794	10	3627	656	2258	4616	5695
CRH	ENSG00000147571	8	591	40	154	949	1540
CRHBP	ENSG00000145708	5	1754	155	604	1120	2803
CRHR1	ENSG00000120088	17	1946	335	1243	3048	3730
CRHR1-IT1	ENSG00000204650	17	8638	226	851	662	9298
CRHR2	ENSG00000106113	7	2008	260	1018	2940	3416
CRIM1	ENSG00000150938	2	3647	295	1159	3680	7122
CRIP1	ENSG00000213145	14	2327	113	407	1233	2485
CRIP1P1	ENSG00000233252	3	185	30	120	662	845
CRIP1P2	ENSG00000238225	3	228	30	120	662	888
CRIP1P3	ENSG00000227109	1	220	30	120	662	880
CRIP1P4	ENSG00000182351	22	231	31	121	662	891
CRIP2	ENSG00000182809	14	3878	227	797	1508	4829
CRIP3	ENSG00000146215	6	2014	185	667	598	2453
CRIPAK	ENSG00000179979	4	1341	30	120	3100	4441
CRIPT	ENSG00000119878	2	1740	85	336	1647	2561
CRISP1	ENSG00000124812	6	750	135	504	1374	2000
CRISP2	ENSG00000124490	6	732	120	469	650	1382
CRISP3	ENSG00000096006	6	831	167	606	1541	2247
CRISPLD1	ENSG00000121005	8	1884	241	961	3346	4543
CRISPLD2	ENSG00000103196	16	3601	332	1232	4809	7963
CRK	ENSG00000167193	17	1514	115	448	3095	4090
CRKL	ENSG00000099942	22	912	67	250	4413	5325
CRLF1	ENSG00000006016	19	2824	166	643	523	3018
CRLF2	ENSG00000205755	X	1205	102	387	506	1707
CRLF3	ENSG00000176390	17	2822	240	951	2620	4472
CRLS1	ENSG00000088766	20	1836	183	697	3404	4805
CRMP1	ENSG00000072832	4	5170	241	950	1834	5823
CRNDE	ENSG00000245694	16	2250	171	646	662	2783
CRNKL1	ENSG00000101343	20	2897	238	904	3992	4567
CRNN	ENSG00000143536	1	1488	50	193	414	1902
CROCC	ENSG00000058453	1	8269	510	2008	602	8871
CROCCP1	ENSG00000225769	X	5675	30	120	662	6335
CROCCP2	ENSG00000215908	1	4534	175	675	662	5188
CROCCP3	ENSG00000080947	1	6813	244	918	662	7473
CROCCP4	ENSG00000227684	1	498	60	240	662	1158
CROCCP5	ENSG00000186543	1	830	70	280	662	1490
CROT	ENSG00000005469	7	2711	292	1110	2268	4979
CRP	ENSG00000132693	1	1201	128	443	1647	2015
CRPP1	ENSG00000223603	1	625	30	120	662	1285
CRTAC1	ENSG00000095713	10	2359	241	961	1228	3531
CRTAM	ENSG00000109943	11	1380	147	582	1393	2675
CRTAP	ENSG00000170275	3	1271	115	460	1312	2583
CRTC1	ENSG00000105662	19	1956	209	816	4969	6826
CRTC2	ENSG00000160741	1	3487	289	1059	2190	3612
CRTC3	ENSG00000140577	15	6847	358	1374	4393	10814
CRX	ENSG00000105392	19	2501	145	580	4473	6254
CRY1	ENSG00000008405	12	4743	218	863	1806	5062
CRY2	ENSG00000121671	11	3790	237	927	2490	6199
CRYAA	ENSG00000160202	21	1547	125	487	917	1821
CRYAB	ENSG00000109846	11	787	244	893	2247	3034
CRYBA1	ENSG00000108255	17	648	96	352	415	794
CRYBA2	ENSG00000163499	2	1210	110	405	308	1454
CRYBA4	ENSG00000196431	22	761	90	351	220	811
CRYBB1	ENSG00000100122	22	759	80	319	343	1102
CRYBB2	ENSG00000244752	22	618	80	320	268	886
CRYBB2P1	ENSG00000100058	22	3128	135	526	662	3782
CRYBB3	ENSG00000100053	22	636	104	395	382	867
CRYBG3	ENSG00000080200	3	3667	273	1064	1901	5003
CRYGA	ENSG00000168582	2	525	50	189	84	609
CRYGB	ENSG00000182187	2	528	50	189	113	641
CRYGC	ENSG00000163254	2	525	50	189	104	629
CRYGD	ENSG00000118231	2	525	50	189	94	619
CRYGEP	ENSG00000229150	2	528	51	199	662	1188
CRYGFP	ENSG00000232799	2	633	40	160	662	1293
CRYGGP	ENSG00000223710	2	145	30	120	662	805
CRYGN	ENSG00000127377	7	2589	130	520	387	2716
CRYGS	ENSG00000213139	3	1557	75	300	691	2151
CRYL1	ENSG00000165475	13	1136	139	544	691	1761
CRYM	ENSG00000103316	16	2475	273	1052	1960	3782
CRYM-AS1	ENSG00000189149	16	2515	80	308	662	3175
CRYZ	ENSG00000116791	1	3529	180	659	1496	4081
CRYZL1	ENSG00000205758	21	3133	522	1812	4498	6177
CRYZP1	ENSG00000233025	7	947	30	120	662	1607
CS	ENSG00000062485	12	4637	507	1761	3672	6402
CSAD	ENSG00000139631	12	3013	458	1681	3108	4852
CSAG1	ENSG00000198930	X	299	117	405	953	1092
CSAG2	ENSG00000184324	X	1083	80	318	662	1743
CSAG3	ENSG00000197463	X	1083	80	318	662	1743
CSAG4	ENSG00000242599	X	756	71	281	662	1416
CSDA	ENSG00000060138	12	8271	349	1292	999	8615
CSDAP1	ENSG00000261614	16	1090	30	120	662	1750
CSDC2	ENSG00000172346	22	670	85	340	2580	3250
CSDE1	ENSG00000009307	1	4367	409	1485	2337	5755
CSE1L	ENSG00000124207	20	3603	311	1216	803	3726
CSF1	ENSG00000184371	1	1939	254	968	3563	5418
CSF1R	ENSG00000182578	5	4333	335	1328	2358	5151
CSF2	ENSG00000164400	5	435	60	240	348	783
CSF2RA	ENSG00000198223	X	3007	372	1362	1919	3826
CSF2RB	ENSG00000100368	22	2735	235	913	2490	5061
CSF2RBP1	ENSG00000232254	22	391	50	200	662	1051
CSF3	ENSG00000108342	17	1292	148	497	1442	2220
CSF3R	ENSG00000119535	1	7714	347	1328	1336	8426
CSGALNACT1	ENSG00000147408	8	3936	344	1364	4518	6580
CSGALNACT2	ENSG00000169826	10	1651	110	440	2101	3752
CSH1	ENSG00000136488	17	1638	112	394	385	1654
CSH2	ENSG00000213218	17	1682	115	444	669	1755
CSHL1	ENSG00000204414	17	1693	197	648	1001	1817
CSK	ENSG00000103653	15	2836	332	1271	2324	4572
CSMD1	ENSG00000183117	8	14912	907	3607	3671	18583
CSMD2	ENSG00000121904	1	13587	925	3636	8312	18147
CSMD3	ENSG00000164796	8	19116	844	3332	2259	20567
CSN1S1	ENSG00000126545	4	558	195	730	424	982
CSN1S2AP	ENSG00000234124	4	886	180	708	662	1529
CSN2	ENSG00000135222	4	681	90	338	385	1066
CSN3	ENSG00000171209	4	549	70	268	287	836
CSNK1A1	ENSG00000113712	5	1150	230	895	5884	6890
CSNK1A1L	ENSG00000180138	13	1014	30	120	1392	2406
CSNK1A1P1	ENSG00000223518	15	2629	70	280	662	3289
CSNK1A1P3	ENSG00000250162	5	330	30	120	662	990
CSNK1D	ENSG00000141551	17	10358	513	1848	4429	11024
CSNK1E	ENSG00000213923	22	2331	385	1448	5012	6699
CSNK1G1	ENSG00000169118	15	1344	155	620	6894	8238
CSNK1G2	ENSG00000133275	19	2401	244	940	2043	4229
CSNK1G2-AS1	ENSG00000180846	19	1346	70	276	662	1948
CSNK1G3	ENSG00000151292	5	2257	247	942	3467	5000
CSNK2A1	ENSG00000101266	20	1390	215	855	3755	4722
CSNK2A2	ENSG00000070770	16	2218	185	737	5151	6905
CSNK2A3	ENSG00000254598	11	1176	27	102	240	1416
CSNK2B	ENSG00000204435	6	2508	170	628	708	2933
CSPG4	ENSG00000173546	15	6969	120	480	1321	8290
CSPG4P1Y	ENSG00000240450	Y	795	40	160	662	1455
CSPG4P2Y	ENSG00000244231	Y	795	40	160	662	1455
CSPG4P3Y	ENSG00000172342	Y	3724	40	160	662	4384
CSPG4P4Y	ENSG00000172294	Y	3796	55	220	662	4456
CSPG4P5	ENSG00000235370	15	8752	60	240	662	9412
CSPG5	ENSG00000114646	3	2052	105	420	2982	4366
CSPP1	ENSG00000104218	8	4313	471	1817	4906	7024
CSRNP1	ENSG00000144655	3	1770	85	340	1444	3214
CSRNP2	ENSG00000110925	12	2475	193	722	3449	5228
CSRNP3	ENSG00000178662	2	2353	155	608	10529	12565
CSRP1	ENSG00000159176	1	9719	269	991	1984	10318
CSRP2	ENSG00000175183	12	5790	157	577	380	5873
CSRP2BP	ENSG00000149474	20	2987	213	825	2164	4448
CSRP3	ENSG00000129170	11	585	95	369	880	1465
CST1	ENSG00000170373	20	426	70	280	446	872
CST11	ENSG00000125831	20	417	55	212	149	566
CST12P	ENSG00000226344	20	362	50	200	662	1022
CST13P	ENSG00000204663	20	1157	74	284	662	1817
CST2	ENSG00000170369	20	426	50	200	322	748
CST2P1	ENSG00000232595	20	87	30	120	662	747
CST3	ENSG00000101439	20	441	87	324	2063	2504
CST4	ENSG00000101441	20	426	50	200	325	751
CST5	ENSG00000170367	20	429	50	200	327	756
CST6	ENSG00000175315	11	450	50	200	309	759
CST7	ENSG00000077984	20	504	72	282	492	930
CST8	ENSG00000125815	20	429	75	285	489	918
CST9	ENSG00000173335	20	480	40	152	1112	1592
CST9L	ENSG00000101435	20	444	50	200	515	959
CST9LP1	ENSG00000204662	20	444	50	200	662	1104
CSTA	ENSG00000121552	3	321	70	262	1052	1373
CSTB	ENSG00000160213	21	673	60	232	1866	2490
------------------------------------------------------------------- 
Total number of bases in exons from target regions: 714814 bp 
Total number of bases in strong splicing sites from target regions: 53136 bp 
Total number of bases in splicing sites from target regions: 201602 bp 
Total number of bases in UTRs from target regions: 544001 bp 
Total number of bases in exons & splicing sites from target regions: 856605 bp 
Total number of bases in exons & splicing sites & UTRs from target regions: 1252000 bp 
Total number of bases in exons & UTRs from target regions: 1132724 bp 
Total number of bases from additional custom intervals: 0 bp 
Total number of bases from target regions (exons, splicing sites, UTRs and intervals to be added): 1252000 bp 
Number of bases of the design to submit (exons, UTRs and intervals to be added): 1132724 bp 
